18396996728912178198411356887328852479288721857516888971936946898419787688989887167683791596269577692941711783912328921952246799843996358139983296862799918214715791952189879919199827879481261737168871315282289412343913216335781195411746924119431797381112932582681216329198112121193898159237284827998242639339152345412432744689221652285713522154281849222314369379232743121922323221491926134839593811935374144126345652354385579133276339682463326539295133342547148134385423213343433251213724594161492214
21929652753941629969998959957853878689949942378795171198967186844477999291291976847789813586149689993213176386415273117111916116896498979115115348981628221917829795558811131231218795889192469725179111432428749752638422822212722791751918122622645919273933212893181666992224234232981699121357183628122254353985186374953393332383381286212923373375612138414432391429277711333534534319271123246829473923336546419629748516441444349449239732313448448672324952554341253138882244464564542138223435793158413444
49273839258925931996212799359629197989878971799292399497614613886998437119888146448697413787191734835138494136913614211732381146173121819198918281131341151872572499711954822199925755971852489821284594624951524712472532284349225728423292121912939224245226298368351182216593321113686618296359193239561573516263582358364339545133683953431323212314133535633731947946229332761443222479772931746121434167268462737469346947544165624479416454243432342524464674484215815733144387255433358188314285723254527837
84772197991142999459116969552989295784772218854815965188994222918337118998919196499682628999129784959588321811225311156122717166319131689588332996592617629911533312944822911912121751179373911123189516169943292233642226723382827742124279169944311761372873112264442315593312212323286228148412223429162727115431334475333783449393885323538127115542287248398422337555342661442332343439733925952333453127383822654244558644489455141499643464923822665339835941953344866645377255344345454184413616344456423849
28178193156962463156137618968843118771977769569189374318999199899936479796877389799821593199699995783928921426717357426724872917995422988218887167129148542911121191114758181798849181193261421171111689413913253782846853783598312811653319932999827823125965312223221222586929281995129221437253228222279152412436489395796489461942392276442114311193893423617642333433233369713139211623133254836433933338126352354759141681759157215341338755322542221491453472875344454434447182424132273424436594754414444923
39219961994978779973853729818913893979555389843199961848181542869829716299717886271171887156588443894132117211518988118496483192912491418166649195421117295929265397193182731182899738228299826769955491524322832262919922951759421312351252927775121653222831613137641821429384229391184933931193787116651263543394337312113316286153242346236313888623276433394272424875293253149533141229514414221489822776237465441544842322442739726435345734742499973438754441538353598631436425164425233162552533259193388734
56962896994997856723959368778917876182171397924842798918738489728866778696482798499419817927172812466717391711511896783416147988912898729328241813595381912984959183997788971759381951152192813828392357782841282262291789452725819912391983143935292461649212319516129411889918286149216226321392493941346889395239337331289156383692112341219425414631357275132342162723152299112939725132733743241351415245799141634144844239126749471322345232153652574246838624345327383426331122314183624384485435246252635681
71297889719665179419687919788676824997899961966277699261965995369995119162967196959181185138159763498231899182177628152179812189978793511891117217738871137217611647111622127317821716129229624926187451934291129328873926328192329118981462291222832884998224832872275822273323842893282723133173513729856214531223143998413743921343122919257331233394399511933594398338693338443495391439383424428462483196732564233425411952485413245423312136844234441541162214461541944971444955451641254149453553957359421784
13819294989549229958359887988935316956999878686818724998999928862179219742891199568269992181238972132492131519165133116946199819914642716711198979792983511911113997328132185391221167937111329234918324351324262127624422715721192112575382782221918181319462212222411843924329641233227814822243134512943546243537323873553382683221322368649389333212929242157332333352295413543175234433892593335424562315465735464843498466449379433243347975149144432313135326844344446331652465428634554491361444653567342657
35499131978321741779989989714548161594595581419199814797959959361965721945948179279799297387598678944651124218943285288119119182565927261561669252121192581816116147217683215615928138181131849861978915576223532915439639922122129367613837267277136323221369292722725832879432672613924929224295197218912668733464312654174113323323147872494837838824743433247131383383694398154378372413513133531621832912377984457542376528522443443425898351594894993585454435824249449471541926548948352462424464273294312348
96118962979242647991163659489928484692391599389299968999297779156998539799185824247997714919989129791722917318135375811227476159113959571341261149131117911131888126711964181129693535811882512119123181283312842924648692233858726122416168245237225124222812224299923782217529223171464692299362322123429239442395313575971334496983723352727935634833623533392333531113489332863133428257571331147343323453134155341642468618244551719483446383814674594473464441344464222459144397424453936868244225845443456424
88969678533324949756778969976721713898998881164699383689618696778859665983158299961958728795749399869917178964443515186788917118783282491911999227571149479172971788996177619426931117216983981685141197112828917555462629789912822989439351212211133868225158128318289911728872153714222832719419279625221822393912866657373189112393319154146232332224497933626923942939112283998326482533394382152138173633293341412397776848429122341442126525734344333551814473713415314122339411943759364441549326324928474431
96261893387389299799814474851991775918782593939713965983631178989982989874856892894966131192564398991737291449849131181192558596211288612989361414182417619474228919119319198596791391517724221367541911284831255195124229221366961732239972319147252529352872158533912122142121961781241262883533247865212239594236621623533133247717284334118342125836363146398326964412323325323217289235237399464435897632334161534773273464424435882839544522945323694747425741943717552343443643432839134634841157554691874344
25811566916939339782899194297178513597115295725278928875234289979451219769436138842819325826677169913692267712714144189391121531828962461822631683638913998634539118156232187154724995392143693778827112471337882382525529141223264293917357293374279474912411974564122926734329826583511641325471488993822358244899349363663125233437531412846831448538158512352218567523313784543193769462275243658259911493346935591145147477423634454864252395794255964926962346332967863442489565421487157338635476936112251445
48577495473986353519711515679934978826932896699191912611894679272914858229889989372619393519419992945968851658419746462182262678114518993714391771121212372291578138312596933199119148372141462152111315617996276952185757329337378922562911482541288223232348331268924942361714421122125948325257326322242672811738716329686843144848913367312259365239933434345944237913515347282553223323615943636843743335378392284982743179795425595912447842336147634114454545615534812462645839366433443472615474795485444648
99795499665835847689111911978883945883598111689551979923445598719173683656939958196235784928921179651181651177694695879122212218999415699461922279166218113455661982128479476714116921734689513913228176229276228871571698123332332911152671157213338127732922456677219323958158782522713284579162412433928733138733998268271923444344312226378226832444923884313356778832143416926989363382439568127352354413984424984411937938213455545542333748933794355513499542446788994325452713719147449354167923846346552419
79176198998938184219293194825962127954419111154994495985781415841248683498239562987929927259667775168128721911914929532131421593617323816552122226511551619689252695235979451934167319813113836177888627923983212212513164324253261472843492766323333762266272179136371634618156214527842192422494728899973813419432332362427543536437258395451387743444487337738328124748274572926732563895321353351583991118492452154344347353865464754836941656249885455559844884943923585938568313784367491643246446269411222951
26974786898426176989917518219169191798786999691689441957111279396718891819796897873527863877856995213718589791953728719112862932127121281989711171279155216822238141782991292181791898463897498896711632482969181216483982122397314323823239219182228238126632793334925289311231329281291957491851991782274359317129232759419323341842543493434132129333934923774381444513639142234243139231216851296211289338546142823134386152143445295365451454524323144414513488549255562474125334535424134232796231732239144965
56288614172765698939279495724319865899916154679368917311934599394194536493171499159598521763999735896739972528387671914138151683542197691112726578147912842214561141521564751428251126161963287411184691784118363949878212524926279465321871222383768925812395332567225263267586253936223727217439852229571289522947415198932363513738157643298233349487913692341644367833637437869736414733483832854196333168239163315852621914347462484926875431934445159812471345275547894474854897184752584459494396521744427934
85985698471679788411297948269996627652599226559597644778181219495941957397239992276847289279893391199619671958278189952231815937111773876361133766161875588929232151615216841834111338795839138191441221172178216938929116334292614822288498747224487727298669913134326272632795294522244981694124921255233228328932714913122744531372593339951985833559883831977112424543738374381631563335519271523513236634433943914382512423385564248361444116219694466199494218822353565484948549274267444662138263462434774554
41829599398829429672651147695859861799356949894579555169944629338495998112791556191294184587979956225293161141993153178376225871696197281146715191568166627115573144951611922381266721231529569818116733631427225211426428948733698271721839225782621267927773822668425516272213349237783234263167192922784474253833632253753915984471938283294133689373237813888493377953662738332445134889434537427821313389558536494474336486412619558214939431524479148434892499951448816477384944355624599154564853893242449166
12795957599991713959327126999948192578451749153678197267962911291295996518466879992767973889964277782381616861111282416143823711115921368956285126478921837817312231231611762957798111387818499117538889349272797222239352725493482222613247916739623758913294892842334234272287316881922249892951122864999145138381833334146383651459333372435812784173486912431591395344534538339842799213335191316223397511125624949294444525749476256144448354692389528459712354261241645564564944195381132444621242733441862223
92969829792918389986966977798996831382998889519391842695749889967138912982545947886891925817617491991317193181312949119717718881911794249311999162141295371685199117824912319365615899791213692872851211242821429242315122182882999212281535142211127325231648279621122893512342147672691181232471398396232235393253135342623329399311132339264625332223843634275938173223391462345325878371229234358241941734334641436424645373443141142224344137573644333495474538614928433441257345643698948233134546935215284544
78985297479215677992596147851957112987228999955639533897298541383759239985749783371825832789488477198919631858132678811361725896216822319833911116674164491831965249486134119685189448293694389159958821912174296924378992247283691732793342194412222778527551294217635159724522179629155931471549126116993212328531713548911335839471284381445321552333388963866231532874626183563328173126614258265123722711432343964282465912244694158239549255643266344449917497734264398573729467443928423772536937623483382254
57594467783389828116999598312899658775585389398799948892184617969899517841789787998496717891588868976861557889449193922711161942391176988669649141981115991329572817191162895289189811951782891269997918797266899155121413382227215341228719977175125219222611243168392821227391639129192216289391237111812981837791126623252449333832645233982118828623632133372235427941393233841274123121332739141234822292319294881223773436355144494375634419322993973474324448334653815241434495238523423244384125234593331342
74155957952579998696373998568139439168219523897248968783957199692956891897959891659187184491229871998526616816368111971748411967924154127932163491835917989416821171316791291816191276129829551233198211963772792747922218285952217813526523814327451294612819152793228242781231292721238723193166234421932217488381385813332939616332892463763492543856231572392126381433935389234231383234983421427734553214332859949249692444314172744391357487451365496734268341323749254414649134534249434519453253884566432544
52774538419999591876589844569991728292793886887187979628915813937421973364628881789791893521849799496388564952111161298769195567111283931381499799829818173912692414853218447573999289181291463295181151749967516322227231987121667822239414249251181193192928412371352596432955868411139129231257431629226285117862743333834219823277893334152535136229221421313952348246361754316697952224123134236854273133739622897385444494532193438891444526364624733133253242416345935747286542771816333523424534796538424484
59999811197188237991977829923895458329333196351655274776181936696833958996252118469786544992263997976111192221829934811218893113491656943144421746276638588729214771794416911736322957189765511337411818722221333293114592232991422451276715425553285738774969983132588281552712284743316829187662244852292983333244431422561334311253356238782653666439684988517119424369939266382339585442793129877335596331319444435554253367244542236446734989376477754179519962822153547114137749344169655381423198844661744242
73221991383982912437939936998355596991387562927929845781181557569918291999288843654698984571393286868433211249419312354814114711946661711249867313813195689229266867112931211139995476571919568241439797954432235152142346592522582215777282235197842492421679133137797822314232224111658768212167935254181816554334626325345761363369332688839334621895351353278124424881893342534333522276987932327814636529292766544573743645687247447144379994144573291646246438923553599291445364544463338719814343892574763131
97759147996196428982919633759911916286952259179796928916718977298998183778146999925999886488999427911886125811721753919312174486112212739716336128181713912782918831911929488925711113611199759911153812299723692283286412142328559722332384182744723929282412389312994212213159913682222472221186112226492331183471339439752325343966183344349529385583413139352349142311532332426112479333358333229722333751344229458244154186343645417729445545163149669452424146345125342264344353722358144446944433183344486245
89489879519919495826947915975415371948269368361987285578717765968764835556779647816882923879143267539159198162112151693715812618652648215937147947219839668982887617987594666788175892799313498125437864126121927322326271482692372976375932614825815832194177919399872819861577789928691381142451923654897523723213843343738259371348318748614372593692694321528812141198392197268889113971249225356213476591863483432495445484936148245942985972548361471371543263992325221941321837999122418235133646732458761297
92137569884197989729957961837939941111329488717791765799591283212492799181955865947891882996441178671324867199521819183116817294814115222243159982881287681161239432351381129216697615891299311755228978243597821163292129422792831592522633335426119399239879227234154346249223132771872691231142286633918935461893227431323153381394261363374444653722141134198133834526545735133424388298371234225339774412914657291433854243426449241537247448555576483325224521924494563765684624453549931948234533644188552312
99884331629776189159869981653157388918991369742284446798177841962859891968338294985992425756811458141199544273188729126197119276426849912911247185339555781928895217396191217944931519611353686792256925221165538429983123721822138753795112312235829644166689213991632841721232815514262172246479781336713633227664953119423483293324986481622342334693175527779132411274395283234392662537328335758189244782474433877516422153459431443519759273345344571428663888124352238541639434541377364843944686929135589358
97915926188813149921872899819917397967329963312717781661993459413179313464718292577898921573814998631812613729992425113298391192112841817843117442382889277211456152428142457582931368891913268492511974292372483111353622431941221322395292895422855349399138832256726353925356869314247991212437951362218531348359422246473354215233243341631391653396645141124994336783746413646797142535811232354816247332964245946153335758446532634435445274241276441775625223511544789485752475781825364692234346592735844317
94994197899969695739419378887825289497896843181984829979947453391762195989214586312999167997788848171511521891117171684152148999893639151891795429219593118115856441287321619132569742311127811889995928262263291222828279526325911191474126291281653132161422922696755239843272124367185342223892299111613937337431233393938163743612221258523731239276424327253313371786634195438323547829645333491331122272414844854234441414927485472333236963484234138753543836442448289774521654943465893175644451244223338352
22776861273576279569117289812677982248817529668997985817259711893379597699998692299251174269176251993388797238468738167122839192378819335992863177911819692836182291448161871111971331136228537128736211449981834957984927823394121348992144611397428812292171394729331255927298222218244224733964823984732255119294516819513893441523245911325572241853992331328241583144236613831933332935533584417593419584336622131562792162491455263435612243668335296411344243935269425534772494214444314664469552861452169544
19996997452892812499677978887998719991469475335295399892336214729495719671517896912538135511946186812111711856391392351178818999811982111257158644631641191344732583151682178262891712364924662215729792322282296741241346228992911192219322236826975574275221245584369426279328937391282347513577332683181343339331785235245733911312221332143334793718668538633235669547153738143914841239345862468844379429245444144289634635684412242333244325444581482977964974434677165826484925412595234145697357995548153135
92389528719199776685458616919282498499275945891747164398991529788592996297118848716979279124614729941349163982121188779656972712139351951138615691285827541911263189961311731822995982718138123572583115245127419323229988176718382324146216224972671239693865212237429117242284293311619382924923468369422635623852143433119928782949343525732733518378234171497632334853122835339531442272149313513457947153374673496325454422113989315145463684384462948934528251874344596423394644164255338325142462456815826448
56939999429617699697183382965157999682827169639999849938888922426968999967959257812414452962176271786714111153172871171829449317626811179393827174111195114999913353717911117816136892352556317328738289782522226428398228293155142873792228141493828522221622511112446482812222892724791346366742843984939189363333753941933931426625398481333925251493963333273362222355759392333391383581245747785395419514129147444486415214414253773641959244413636251417444438447333346686141344441249469235685889641652162523
87924287983449697286958538371683789976999849791319498391656997838571981934984987369925862798998214129813539819455171839716964948279489118711195181242151941276711894968219214519519847113697381911932523192464192156628294182717515938159122982221629235326215238782291517932132562162195822471849212214363421357521326773931529382862614926123319333273134643732634989331262814324367327321693358295132332547453246863243788414263149397372513723442144438424575484374519144237392543547843843271446931624344365856
13419195771545364684921996455828521988659934289629919141828937296296897814889539979384799673991467782452121688265647579513211756693963219976114539173112125293914831731791892599164118149581178411257889356323279937675868162432286771417432118722564128422323631412594284281291361127522925169228952236899146743438114878697927354339788252854322983367523953343474252361539539231247223863313627133916334791125785454922598971813846544189936396543319447863416445458536347264164134235833497442473824412744581223
98989497426694988178369271886989382279487519637883686185671583929373896621431884198699769769258787911919151853771519928947138299719149338159862174899479729678269413148491773254299521971187187136989812212126296488262113915824931182125144926197328591158183178937152425951288436531163218229829824719192332323731759937322412693514229323625513721843961226929428914826353616239954764227432933193193582121344343484286114843352371462533143473662483295417233713153912593746472734116587533854314421421469323245
38631172551668599171149498829755126717936698881622983139113992211198698822918296381945827897934182894974228366277961128225151993186623782814771999273319424122411332221971993312931749215693891814529391518533947738817223933626211429773489392588211138442153523352244333218211442314285132671491292563141262964415884992833414473732253188459141369932224955326463446335544432932255342539624378251231367425237317552699511394452558484336429956125247114333516643757455744665554314336645364173548936234247853634
95962889589787155727489993867781288827847991629189427999196318586714962346692819629919952339927499521617399169189826683859111497889239993895811273129153811121742969782517345771392173112116344113851163272841127129193779496122251899134111491692238423126492223285317189362845688241328422322745522496227438395223823121488151723336291124522251271334953423751333439642829147395679935243953343385663351733854941633493423259926283444731223563336238244516453486244454175393125841678114635416445449677446284496
69977791169953113598329558919645997942721172964989291899876975991976948885894415789891178319939187187118881227116422461943166912175611815383228317519131291198718611218715999691552689191228942114129829822999233822753357215427712328672292649433942862124231221982972232982611171266379121233915322523193193311134493386446832653882343978331375154415397323534233219318334319372228237748123234412643363421421442224551449755794376499345418944248626552641843464534432142944542148333934885923434552375447453253
72199316687415394198817919212972991937594853787191991315944685814988231199931384316981173291516859938321142779852641521992812132318311214861596489821211242615579692519934221114249542719228431262796114943225388196375263211392324342942232597261759193232235372668171362114533222535165382133954237381722515433649921748637432241343545315334361837286121434334648377928247322564433364627649324416534849283362654475113285974854335245465642644547294839723254544575948813935843367554447573875143552764595139447
99917857959565198987242159293883995191981698937722695227819112998288287199135931191593899943219953771112896816167621919835326131499411621219271914883371633892122311939939821124614221261491115432116488222391792727873212194643724251152273232138212599448274491323342214114193223572533237251222654322759933341281383898432321575483536226338434324932361155938551243445332522521433468364434836233376543386114445239249491954343268659464733744954543514347226614966235455644363363254457947554594734448765449722
15897528197889988639849934427768349995193388189899894956993986991546698717297196817657192915271793382691863921899119974195114553887945111621449929191191516711419711265771982831821792876821312638281449371297413291122118521622566499815622273255113121221262782252182237688219394293281398793242374939255148231852431223322963273367751192673338436622423233237389336329334879932141531439241981435348514136625934296354233443317438447886221378444954773353434434849144743144598114325264254135219254645962524773
86779576576924614421389912596999137919371689149816864937681957391788279978989475269149986942586799229788168768713572553249112361711124812148279125192797514879216841289938118919158637125119715369781133189927987982468366435122347282223592325938123621381862598132795239114922912126974823622182647189224429113819819357947754623345839333461343614923473249297361924381634122513312323718593473329375829133553122492192146815886573445694144457245472513458435131847213549274523362442343482961458443148693124466
48499175559291188289189688918762768876398939729789489238113989596918889369615588696192937984688419855951128666131229939129179912987387998741914183189159134922419161712999147172669971721314819579952196616223977724233114123128112319849811985212529429126124513352127282311125828377118283242592168116321772733418883534422523423922342195192219632363153123723562446323839342223693948822939435361327922743288384452999464553363453413345321621332174347426423483467355743494145333471415993314154647243813385439
75919687777816884866572871859898991919719522137561979968115974776729983999396759839457247196988845998612179888892799597768398296191911212182163324867218117922618588783119411141786194156835821719995611972328199991381161887941931721212232329327443597832922813372969989422152225289721526794693282111672218343921111249227299815214283232334343143855461894313392448317119153326333639183263781571439322278332945413222235133831192632539434344545425496657291542441355942822126443744474129437489268254143338944
68998886994783629399929897497599997129977995846667493228213767828817417552885692179479368711829768487911999711589473141113191851861111823118811695777851433932487893992852866399671328158147982293187959812211182269158425222421296297222293422992271688896254414359891411396397741178243926925819331429816192332229337126953633353231731833331453311338279991736552546191252241741885228935413713692144253192721344333144823716474446434284294444256442244938111284766365721236335285299633914652482471325536421383
17351999748291944829818963782276331779723191799499677567555217337796171771793592123197734256978669972846211185931215593192917489338744288183421281151178867866632844881728288281461323421884536718977118395732229614232661421312859144985539929453239226228997897774395599283939939257243453299564782918822941684333172534377253242396125519664113156434133733911891888541661139414114136835456431167589312993315279544428364548836435341723662177522426754524484412291299965277224152522524794656754227869142311442
38177869898978979944396147845493955379693887897914135991971918384859914397469598384999189898973739134928897191918918115541725895651416648171499891812524611218212949596112541857161949511129191918484124513991821212912922665283691676252775928251191292363572232932315161722365296827215162223121212959523562411293232312313377639471278736388613936221231347468334314342627283347631793832627333423232316163467352231434342342448874158238984749972414733234245857944542545373839445874281494373844453434342727457
27191917942689581898834988851982993155529936149299818158874889919135757191258976481191986996949556583821212815379169291994519996219311426663114725131192926998599112124686821236918759221219711715166769493232392648127131211562111732142253777422583624221313711961122323579793234712986133232182282627787151434341375923824232267322284325336488853369473533242482217223343468181434582319724434329339373889826254545248613493534337843339543644759996447158464435359332833445457929254569342183554543144148499193
86111795299352544581983278452913913897243929699738393978988422949931993754855152919968832228996899919722281631146365569219438956312412491835413171184941418919953315114211486596626312117994333911791112183339274225747667132154916742352351294652428229515252912116442622532259761773742322811544412281222329444138533685877824326512785346346231576353933162636312322755373364336187288485343392265552339233343155524964479698893543762389645745734268746414427374742343386648447544729839959645441337666344134445
83988239798995589764792789445969673871555511189661816773131187738396829929939172228972691879178745929419934181911669187581389155617178498266662229177292788424229884941793113114128333918371298128985613152114529212277129869249126672828951937777333128831389953533199515281422422523944412948231923919672426322563132338823197135123778393916214888844423994249116464421162639253353363415552315934213412178353743367424344993421824623488941412732599995553411535122757553227374136446447452666342614532452328946
24879418959174659995979183949458596952589994483751947884828119872388311135857543996971112686586688893598152916128576111618129415156961716369111559486215899593922198349942224696865411718222379769779991461926312723968722272923152626717282747122266159732691161413321945115333571797652282933348187188111257213742383417983338313426373782839385823337726184371227252443215622644468281876339314445929829922236832485349452819444942453748489394149693444883729548233836355432673375557939298744142555613193113334
31651973188941798199821455188843398555472839869693881894655982389553348463985991268623296929586649484276218429915281921193256629995441966658394197171499291576619349166445957419611237973431713169775159538732953112639213221436773111655217776941521828251131268772145127755616852172234818454282427188626164984316422374132433254788422276632888715263293936224237988325623886672796328334592956539353829973727519542753348524354436589953338774399982637431414733534819943673499778381743944561316764146493118483
32148728889418355516182957498159364473791649821271587569629162552291693629599262781667369993199128194325983999152946662729316851926147558481275193238269867173127366331271473161137389277847111421123921543619411126315777383142796213725866959238621434937197828423847744238258427224849138895822253223413265472152223742688849425381732483697716134973254514821893953495885534936953833595124991693336433452437658326333485379995153649284359471882724518436562593291416451699664514716494461623511271444754456354
48681245987994893519539989427918699142819268899997985291898935792198969829891597578899993829974569435979235619811591462164119153812971125392137991111819631291914681321917193191261868991111493118567154618134672192261257327522126492318223641324811222292174231212579243212821421237297911222251422967826572924578321337236843863323751342933475243592233331328534232368135432393253234831812233336253317893768313568943244834795497443486245314458635461334444243964534347924654341436434594292334444736442891487
86722789979929396769457913264949289814118559965249766795772191156824489913791824969891761768929559979783389118113141787156812437515139192522966117635187781688321226793559112481293517191287287913166118189449122922425289826792354862624121363317722874629889279943233781466122359231462821239839812427722929155123313353639193781346597373523247442883398573199138115434489257723346134257393234194192353883313126623442446474121489245761848463435855399441968421124922654559136883445724536841434521521346499442
81118912786781289195946468971579987822667512492617743715814599249566998968499943669544454344747815789222912389789239121615757918268119893377862351372885482692561135167711917951115477165556545585892689133312349189134123272686812937922191448897346248399659371367224627882212816222658827666765669691379124442345129124523438379792314813321255991845735941176148247833573899332392733376993877787677171248123555345623123563454948181342592443236611295684615228725935894468491144341384448711498889878828235923
82497867173379877899529597988928298778933991678923311849172626681797344597994893112397578795162944659351897828448198891163161819913931988914411278913442295128373779281845561811591422341868981627315576146291893955921991227427292112414219912552238912455331623948488139295667292261253345297919273842668725731291416613211233853831322352532112366334912356644273415959924131677831337236445631812138495377983684231252772432234496494243346364322347744512346775538452616113524278894244834755674292324951648819
98527715796125669988976743858119118189485649549919398857679219239811886256191811379988999482585729791963882681723677119918785496922122929159675165112141996878132134192299736721292248119911159369683181217499379283478822112989651713323313126178627622325211798924324521331184783231335922112226147179429232851148139458993322319176282443442423728973873343632281913543563244229589434244613322333725828153134396225924156911443342128739355455353483918498445474339212465467435533169154535572443344483693926424
86122339785526786595645989984212278459937776962737945769579231285797762759973687199119727686858659989723344189663789761675619119532338956114888717384815687168134239681887386118479821122183879796976119183445529177489187278672122164344916722599982849592679827924534179299849722958193223329498181718722129455663128859129838978323327545512783361119395161378193813564528131195183316921433443151929282983323156677423996123194918943443865662389447222141627248921492467563924221629442713254455426213139319443
63968518868918952969698819844298692491522119139699924375361515827918899786576847523571974722549949887417962997912916317171992195531971351263322124171113548647262693812991189768795863468218583365115199852817311812312742828211321664218246237443323528222465975837371492311229187981697457932969447622621196392842292342385393932243277532935734855443463933357618694848251342233129819271856814317155873373221741395331345349641414335438864314684596655457414446872971595936245334423192138296792542826698448433
36957999888147919697157816924497716366649756819177178754196928718339988979681379884386883125319829944716811199925812171826892713551882747775186792128828986521713982944119918179248199549799423642193115582792221113692328293791382466299385888629781323993919763282419315522112928135921165181153475321422669381333222471343931481249357731149699973189243411412187439352142663322313924613227629226458643253377149244433358245414259235146884225171118429135452252329854146325377443342413572433873133756975436448
97998166996799614931728195389984399298158831799378979365132889918935179691739522923671917367694978391811927711781172514283921649119541131926994281148918147624399112914628171284163313478212847871518941292213882289228362539413275122165224213711539225912925873541122312573928239527442458932395898262915231332499339133947364152438623327633532482264133612313698465223342368413934163855356914341691937312634244351144124415847526354973443874464359337524472342471957633445347952414527496646712545271214842374
54871895192899879296979581955992898919988584346784129959659299316288614993634693417957471959491938776598291621391198131718169216611391912119969545789523116176131142739972511474571452816858216151214988761931273241221924282927132772241212322117165689163422728724225384118362258568256392796932726232519987214238435233213539313824388335232343322827679127453383983533649522947336967936741381714383734362119832534954634432464142493549944634345443393878123856449419464475163315844717814785249282549484547322
67391496559943222871144518516969689155188868821791998997991988962984394911689656779469595857919229917841251766115433398225562962717179126629997993281211911811219917319541512279176788157161696812133112895236287722654441933667317382828123773111811439232212292232112842165262338128789926827271792324422391634739883376555214477842849393923488422292254134332331334322395327637344923989113793838281343553341274584199448766632558895395141413459953331336524544344244543341643874845513419122481494939245466445
78758687991754464444921258979841822498983988981983988996241949989689927559655264688191999354618965228986979811286557555513236918195293351919419919219419911735215119179113866176637579921211146572917633919718192239766866662434712921631446212152112132152112284632622128122497728774868113232225768312874412182921334187797777354582313274255732326322324326322339574373323923351883988597922434333687942398552329313244529881888846569342438536684343743343543743344168548443413446299419961813354544479815341966
99237773549989999895292346139451792167978888199728435441558151896446168397889748869416993264215498411134888465119111191631345724156281327818999921183954655266926291755727941899185997152711437532651952224599957622122221274245683526739243892911113229416576637713731286683815291129611826382254864376216333561116873323333238535679463784135491312222433152768774882484239779492631223172293749336597548732744467222798443444434964678157489524651242333354426387988599359534188151374233428331485144761865984385
98377526586789395544989599988692866953819997926785888294987261167979768747544326259599978999649611171948863769789141665519161119971397716492111813789699931519837227818187985865543736161118911175172228215997487189125277662127222118241882751322292489171114262194833892929819697665484727222912228628333932611859829123638877323833322935299386243331359128222537321594491313192171877659583833312333973944414372296193123474998843494443314631149735444246123933364843261551242421328298876169494442344418415552
47179981921199958738899295973524945741798891394576878815979846319781221799998477567282566981919588755828119213221116984991131618463515685281991241568798992618195742189233281111958867839367719212169986693922132433222719511224272957462679639211235267981911372921685329134439222216997894147882132327119771413324354433382162233538316857378174132234637819212248313279643124554133332711891525899324343822188252443546554449327334464942796848928524334574892132335942438175423566524444382291263691143545493329
11477923918782939698699275314669596484889468667441874788285984319463978693399965559139363724855983192258813412989314171971138642577161759599157977855298589939619542157418971441117666124147483596619421336992452319142528218224975368827286161126818896631969114172165326852918255222877723525859461772153244711356342125363932933518647993839727223792991774217122528327643796312936633398883463696157288326435582246745323647414314462975811494183833481311288532823363943875481742314774441999457471726839943754
17294589698129917298538682919927969275899773187499599911216595245788827498766531918998889169839939382831569171923112831964979312113817138691188429851161112232761635689993851987764212911999127194114149394267128213422394217518142322492824971229953196227222334387274679111496219887532312211123821522525141537823932453341532862925343351393518233116421733833344549838578122251732199864342332223493263363625264893414356445264397313645446241462934422753284494445565194968923336284321197545344333451437447473
54222971829815483768989982159627592323939843364649578949198589569742545314899597199979728739979376926533318293192659487919119326173861343414195447575168915121969167185365642591161821118183984118148713764442931421376159812122143728497245452521655868627912623217127829647675361227293222929419522925982487555314253248726192323325483951835656363276697973812373432823893175878647233831433313152163313619359866642536435983721343443659416294676747438771818492348454393491428698975834494254442426327442472146
31993367887972847198399216954955172729914347114958528996316919338617348189674282194487789899689219254211447899818395821941132716516628383112545822516963911742712144972845929178539321559889191179132136532255891192941693215224382762773949422365693362717412285382325518395613128964143266199121228124324764336691221315271432633549387388415153347671447382852339649343662941672423917525437721123233923543587544771233242638254374465149849952626445878255849396344175145477315278353412863654883223434413465469
38892217629997358929191398649893642199191697311579792814595798894824184868915959619494934475445171934991332873111846913121241975191475321121271842268181392561681991593529597912616172151514558655628214511244398422295712423235218621258643223238295337929241367279211261463161812372728326262566976673932562235541953331682353434632973236975433434931644813135247838132237257427292348383943737367718778414367334665216444279346454574318434718654454514275592424635894924334836853831345949415484847882988952547
93554699159969285867679758779173459312669949866989799197961742581511911699955479618658181196489972681466571126117139697878186988128456142377115197719181121817285369262212271116658172976929221759118379257768223722824171898929719923956725348822621882129223292839647137332338222776928318713133286122948136887933483393528291913182113416783645993373299323133431394175824844344933388713942982424439723315924799814459441463931212429322452789475611448431143424454241528693595545514449982415319353554183442613
86927882999496961669162977439857896268829499817982799771786884158331519859533123847333968388657849999713899311151717277127318854196891737993151192819381188289799526944262196164423495844417949976895111182491142226282838823842996521791284811426221392149229939181163715537321727553451695552815118791622229351225333739394993495311763281239592253733241325133114129227482664843283866456271666392622981273333146233644484141511451642287439234161336484435243624422523133859377595439497756738277741373319238444
93167451599969839287579265448798997159773941939498544899427668919192517992897668685499374337858899141427856261117194139868137655981911826188415214151965591153877912121362811391877979651148544896991125253896737222821524197924876619212293729952632526217661226498812323247392241298818176225965591711223636491784833393263521813598772132331483116374363732877233751992343435841335231992928733617661282233474751289594441437463292461988324344259422748547484398834486211345454695244634211313984472877239334458
99372959539187869616946657993916912694677216817916915695769992924769288695179761989979967159578879731148316164129897172715776811412712371578832792812712671687111313587139971628187219118117826168998184225942727523191828382688792252382348268994381392382378279822242469824118273929832122922893727911929533615383863421293949379981336349345937911549241349348938193335357193522938413194323313391483812213164472649497453231415148119244745145614812265135245145914921444646821463314952421543442441259492332427
89996994415728718745186146111149441896595898199859469147556968734919866117336645657588467244569997849111711552683982985629725722225155291761691921196157125866717984512197722844775676869957835567111895122282266379419319673183683333626631287271213221726823697782819562321883395588678797116894667822291623339337748152142178429479444473774239838232433283793471889392167343299441669978981822791577893331273444144885926325328953158155558488534194934354439481458299141327845431155277118919293381268891444238
91169814669995672596188174619659689951978951786999257618898199686958158431956262228896639782666383121227192577111678361729928572176179116218916289711136872991921179716926954216737333991774189377749423233821368822278947283113968328728122732912739182224798311213228182713716532784844411288529148885153434493247993338915839422417943983923384312384129333581942232433929382482764389595552239963125999626454551435811444912694153352815419413449542349523144469215334354413149359387549161666334117423611173756
74967776229689797386899699821991151429997166764111535474576789833721879373694687769319199825415629568517888733179181849791171193211226253111827787522264658568789194483298148471579887142121193652673167962899984428129295181228221432233736422293889863337576967989121559431925958268199825323221476378427817391119553923131629233933254334484753331499197444868717819123266154213616937921193643433258748953892841222166413424273134414436544559586444251121855597982892123437726532472714813221475454436985916491
97112188592814612189831992513683617689869168268889977859642939599987892681133182381496959668799997971822329961392572329194211362479472879197127937999118896175314161119891379224429349251716177981111818293343117241368343121532247358158398121823814811122991728642527222191248133553145136282728819222292931445422835247945423264335846926941923293492592223311283975363833321235924466425624739383992133331314255653394635815653437544695713715213431451361333442239418647494443234613557753673584149411324444242
63965197334449128252954887691153647591582468826394233295698918819192224974349246599919592879997483657417621844555123936316599871226475861269357993741534431671912992121333518545135761112161398111859476852873295566623414742761198233758697237146811485264554278212311323244462965624687222327241922296158796398431667773452585387221934486971834825792259637566538932342243435557317673579833343835213331726981741954277888456369649833214559718294593681336174867764914345335454666842878468194445494632444283719
35919785947818125516571938386741653752189228298996666899584999719859947954458893385991499896725519884612189615892923662768214949785276486329133931911777791169511182196115816556991449611251191783662199572329172691313477387932515189638759743124414212288881227162229321722692766711255172236221289477321168343128371242458849814362629174986185423552532339999233827333143283371387782236628334733239158843227945423948235356995192547373128519729653466364344111134493844425439448249889334773944584434126995433
91626861927779395277399181519488199365895144815147722979199216994558949722791558352997692542894495181273797213888141638841129262159921147691625592625883318121132711566915183381266946311871365391551629238481832499925274995223137326113225871273661373699442923224382267712629449237715742298247641266273134959294351113638511633424843722433698238477248471155313433549337882373155134882685331935875237738424516131546222474962274453595483354471934958835958226642454465144899348426624599379644214698634884953
85971677967444898591826666176661919132294995137329927896136842198191396877991911879696144899784327199618278817855591961293777728777212124331511624843113891724795321921241798811212298171725591189543821172938992896661217231488883988832323544262273595422491283581643213235281992232331928283661229165493228314911391777232834259999419994343465537338461653351239469275432434639211334344213939477233127651433942512241288834394536111152111545457664844957276446234157138654354574132244545532414158834423876254
87259963611924749967823983671995899366421421869859924679789553217152399798571883494399283911291991889836117472213585117893419478211691147753253297196113578189166432826341181968299451541139412231211299194722858332469622891452158932271225886436431821722468929127754393745229217931156265224152334232231121583396944357173391256326914338233699754754293283357913123886541485633132814226737633526344534334223269441715546828441236743712544934471186586531439446812423499765259674424392533784874463745564544533
99149825982397137567729339622711179624592589995969118284436698963249637895941966329871716985319979951125193619341824867883144173382228173561369111617122939554771917435174891615217743198282719642118116223621472145293597899425528449333928467247122272823314166588212854628591272632885421939382175322922733473258325631461891153663955144413957835823338393442527769932396573961238374399653214149328643313384458436943674257291226477416625552416894693444941455363887114341768417234948541176432525143975442449
92927873273391529894982986988978921238594779197659981449959581918756192481992297938294399229989119711313898438441263191519319719918913234961588121876119255116169212986721359211331814931541133119122182242491954955237421262142182112912434517269923298722136622727132319783246132244292514265224422123329335351216516634853237325329322312354562837113431983324773383824342189435724335531362537633553323443144646232762774596434843643143342346567394822454219443588449493545329154683544664247364874466443455425
71688919191181597969977433198564994175679977479726862999884944984857898593331699349979519999788535568279912121229261817118854421967511528678118858183797311199515519596891961444271145118162111189964667938112323233137292822996553217862263978922996929481842221162662161791217255538225622927322229117577814922343434424831393311766432897337418913311713159295333227377327281232836664933673313843333122868892513345454553594241442287754391844852912442282426131644433848843839234394777514478442495444423397991
89619652982696119648779371348496539288982658883869159937997966992791389781215469169649147649879188819172176319371722175988148245951764139919376999497126114811817711381249189232657127175125875198129992128328742148283328619925935616287524112148711151823722592292882249235129134376823828623698621923111323943985325939443972113614672739863522325982226293483361331399335134623124548793493973471973213422243415419643614155418322472578384197463343619333731459447244241144624573423565981451418458218432453335
98798611266793639189749864849282888316918487213492967328249489238889326961397791886997885799818174111981972237781474129185197595139399942712959832451317843935159134999143717241881299711899681192928522219218334889258523129621861624141115382316194356242895414626124511125482835299231182291179221313963332132944599136963423173297273525222649342721546735391652573723562223659394631134229331228133242417444324315561124717453428431838463633375145383265784641276368483467333476141574224533144233924435352855
95378818967734488829317898569995117511899857966629316573231988777927973935997269949599931486939943981648992917884559993142891967111622862291196817773142768434219988813818414611837115161114259714115419275911312899566111425391217822273397331221792888425387954532119992492952572294822627222536182522652138612242391167722253641232893338441844233281399953649816564322111351316368331593373833364729363376324972335341227883336475234391444955295534439241116475192767543322246242747944261448494447583147448743
89335953937475792474988911296859789231967619411623478929845922629128384431992895791172191885372419939144616414858681358519912231796189134217872152273458913195613373123949554211391681228321299648352114125572752596979246962112334281729124532898326338456912421672448423415166532241279233943231175946322523668386361718135717322344539283123564391943744956712353278355953452627764335238134415434228615743363477949747282924682843345564139423467541215485516782346438946616456373887544634924552654533972685447